# Camera list with one line of data per camera:
#   CAMERA_ID, MODEL, WIDTH, HEIGHT, PARAMS[]
# Number of cameras: 114
1 SIMPLE_RADIAL 3840 2160 3087.643944035412 1920 1080 -0.176612090416601
2 SIMPLE_RADIAL 3840 2160 3079.919380653605 1920 1080 -0.17691146639144609
3 SIMPLE_RADIAL 3840 2160 3080.6314381866964 1920 1080 -0.1756588839334097
4 SIMPLE_RADIAL 3840 2160 3069.9005522054022 1920 1080 -0.17437539087659867
5 SIMPLE_RADIAL 3840 2160 3058.8555454202292 1920 1080 -0.17328724924297931
6 SIMPLE_RADIAL 3840 2160 3073.1262291956346 1920 1080 -0.17514421357045626
7 SIMPLE_RADIAL 3840 2160 3074.3595184092228 1920 1080 -0.17007109531617534
8 SIMPLE_RADIAL 3840 2160 3084.5027896141419 1920 1080 -0.16585561154142969
9 SIMPLE_RADIAL 3840 2160 3079.0352750826291 1920 1080 -0.16115435381418938
10 SIMPLE_RADIAL 3840 2160 3084.9426420308823 1920 1080 -0.16898962173497789
11 SIMPLE_RADIAL 3840 2160 3093.6670944121947 1920 1080 -0.16780448809781354
12 SIMPLE_RADIAL 3840 2160 3093.2400478401323 1920 1080 -0.16206384972314569
13 SIMPLE_RADIAL 3840 2160 3093.6779448576672 1920 1080 -0.17031891302368246
14 SIMPLE_RADIAL 3840 2160 3100.9260668088514 1920 1080 -0.17333577584207907
15 SIMPLE_RADIAL 3840 2160 3102.8735132903607 1920 1080 -0.16677333819044843
16 SIMPLE_RADIAL 3840 2160 3111.6764566057518 1920 1080 -0.1840654022875948
17 SIMPLE_RADIAL 3840 2160 3113.4490179647041 1920 1080 -0.17981147417476118
18 SIMPLE_RADIAL 3840 2160 3109.3683010521136 1920 1080 -0.18079254139841391
19 SIMPLE_RADIAL 3840 2160 3119.7720177321848 1920 1080 -0.18522118931655746
20 SIMPLE_RADIAL 3840 2160 3104.794736869339 1920 1080 -0.1871322373046492
21 SIMPLE_RADIAL 3840 2160 3113.3115264483295 1920 1080 -0.18795489165956977
22 SIMPLE_RADIAL 3840 2160 3111.7908007299175 1920 1080 -0.18393716410202826
23 SIMPLE_RADIAL 3840 2160 3110.6210532765367 1920 1080 -0.18658616634339548
24 SIMPLE_RADIAL 3840 2160 3112.513164191535 1920 1080 -0.18228444727122142
25 SIMPLE_RADIAL 3840 2160 3114.4149072391751 1920 1080 -0.17236342210169603
26 SIMPLE_RADIAL 3840 2160 3113.5041857724968 1920 1080 -0.1739965630822303
27 SIMPLE_RADIAL 3840 2160 3106.3788452988024 1920 1080 -0.17121581084162857
28 SIMPLE_RADIAL 3840 2160 3113.0942475162756 1920 1080 -0.17639891255822338
29 SIMPLE_RADIAL 3840 2160 3108.5025964717338 1920 1080 -0.17638138029836001
30 SIMPLE_RADIAL 3840 2160 3109.3733609245064 1920 1080 -0.1725926631569574
31 SIMPLE_RADIAL 3840 2160 3111.362577074347 1920 1080 -0.1703051740022318
32 SIMPLE_RADIAL 3840 2160 3139.6368101684689 1920 1080 -0.18758576982738234
33 SIMPLE_RADIAL 3840 2160 3110.8223147979124 1920 1080 -0.1658020538463712
34 SIMPLE_RADIAL 3840 2160 3112.2135678319187 1920 1080 -0.1671232957524624
35 SIMPLE_RADIAL 3840 2160 3097.4507894426542 1920 1080 -0.16296461449875543
36 SIMPLE_RADIAL 3840 2160 3100.5766902436071 1920 1080 -0.16782879623598229
37 SIMPLE_RADIAL 3840 2160 3115.6529845158607 1920 1080 -0.17170402262757606
38 SIMPLE_RADIAL 3840 2160 3113.2944961104922 1920 1080 -0.17174364336696663
39 SIMPLE_RADIAL 3840 2160 3100.8855082445393 1920 1080 -0.17486132489220232
40 SIMPLE_RADIAL 3840 2160 3113.0284863266475 1920 1080 -0.1826132647680134
41 SIMPLE_RADIAL 3840 2160 3136.5965722066089 1920 1080 -0.1857690721028282
42 SIMPLE_RADIAL 3840 2160 3123.8063182918117 1920 1080 -0.17626078156989622
43 SIMPLE_RADIAL 3840 2160 3128.3540971095317 1920 1080 -0.17811548762789264
44 SIMPLE_RADIAL 3840 2160 3125.1961154875753 1920 1080 -0.17671609174105621
45 SIMPLE_RADIAL 3840 2160 3125.598028771436 1920 1080 -0.17333291870046003
46 SIMPLE_RADIAL 3840 2160 3117.6171284814232 1920 1080 -0.17027831884255595
47 SIMPLE_RADIAL 3840 2160 3127.2244060816761 1920 1080 -0.17376129399799825
48 SIMPLE_RADIAL 3840 2160 3119.5564125917022 1920 1080 -0.17308311765595732
49 SIMPLE_RADIAL 3840 2160 3119.5875684765506 1920 1080 -0.17050008154321819
50 SIMPLE_RADIAL 3840 2160 3122.6143218757511 1920 1080 -0.18182365772354139
51 SIMPLE_RADIAL 3840 2160 3116.0258807637147 1920 1080 -0.18133090751734054
52 SIMPLE_RADIAL 3840 2160 3127.0709266160602 1920 1080 -0.18236196025182608
53 SIMPLE_RADIAL 3840 2160 3110.1581593139244 1920 1080 -0.18544087926887501
54 SIMPLE_RADIAL 3840 2160 3115.3172040878139 1920 1080 -0.18401030634135407
55 SIMPLE_RADIAL 3840 2160 3113.9361345028815 1920 1080 -0.17660204453443212
56 SIMPLE_RADIAL 3840 2160 3111.9156996807319 1920 1080 -0.17057323514625722
57 SIMPLE_RADIAL 3840 2160 3101.0629792118525 1920 1080 -0.17252345913456757
58 SIMPLE_RADIAL 3840 2160 3113.1080814028946 1920 1080 -0.16623960479479943
59 SIMPLE_RADIAL 3840 2160 3121.2578036923883 1920 1080 -0.17036582009781898
60 SIMPLE_RADIAL 3840 2160 3111.7315400221105 1920 1080 -0.16889513218068092
61 SIMPLE_RADIAL 3840 2160 3118.4350308325547 1920 1080 -0.18063978859457627
62 SIMPLE_RADIAL 3840 2160 3119.0479152240223 1920 1080 -0.17560177448311712
63 SIMPLE_RADIAL 3840 2160 3121.6431073692984 1920 1080 -0.17776164699257183
64 SIMPLE_RADIAL 3840 2160 3125.7135733564628 1920 1080 -0.17558069128624315
65 SIMPLE_RADIAL 3840 2160 3118.4175478461211 1920 1080 -0.18276682095356256
66 SIMPLE_RADIAL 3840 2160 3125.529416426989 1920 1080 -0.17933494848665621
67 SIMPLE_RADIAL 3840 2160 3127.876625408187 1920 1080 -0.17642014052869681
68 SIMPLE_RADIAL 3840 2160 3120.3404717146291 1920 1080 -0.17160151047320168
69 SIMPLE_RADIAL 3840 2160 3115.9946849212647 1920 1080 -0.16947983020090701
70 SIMPLE_RADIAL 3840 2160 3123.6314616837385 1920 1080 -0.18167437121064678
71 SIMPLE_RADIAL 3840 2160 3110.9794630005508 1920 1080 -0.17567221663671992
72 SIMPLE_RADIAL 3840 2160 3117.2851237453256 1920 1080 -0.17032256457161313
73 SIMPLE_RADIAL 3840 2160 3113.2155630734428 1920 1080 -0.17667076477670143
74 SIMPLE_RADIAL 3840 2160 3108.5195927260402 1920 1080 -0.17246502281315501
75 SIMPLE_RADIAL 3840 2160 3106.3397176454782 1920 1080 -0.17866596591337666
76 SIMPLE_RADIAL 3840 2160 3099.7960131611449 1920 1080 -0.17747488860592575
77 SIMPLE_RADIAL 3840 2160 3101.9767754981062 1920 1080 -0.1760522143228079
78 SIMPLE_RADIAL 3840 2160 3085.6228186730805 1920 1080 -0.1721169394532148
79 SIMPLE_RADIAL 3840 2160 3100.0764441282308 1920 1080 -0.18648920956300991
80 SIMPLE_RADIAL 3840 2160 3095.1003468536242 1920 1080 -0.17265883467576143
81 SIMPLE_RADIAL 3840 2160 3090.7030428059056 1920 1080 -0.170187046436655
82 SIMPLE_RADIAL 3840 2160 3093.3200724881003 1920 1080 -0.16082851874482959
83 SIMPLE_RADIAL 3840 2160 3096.1615914956506 1920 1080 -0.16449223111250622
84 SIMPLE_RADIAL 3840 2160 3095.6678938260748 1920 1080 -0.16699798674344757
85 SIMPLE_RADIAL 3840 2160 3096.1107646347582 1920 1080 -0.16518442119792942
86 SIMPLE_RADIAL 3840 2160 3086.7331704566054 1920 1080 -0.16961570508153612
87 SIMPLE_RADIAL 3840 2160 3071.7992463658188 1920 1080 -0.16913905254283426
88 SIMPLE_RADIAL 3840 2160 3069.4584386369525 1920 1080 -0.174357454128306
89 SIMPLE_RADIAL 3840 2160 3078.6969095773247 1920 1080 -0.17772492495224498
90 SIMPLE_RADIAL 3840 2160 3075.74850668407 1920 1080 -0.17595896457894666
91 SIMPLE_RADIAL 3840 2160 7872.0371028143154 1920 1080 0.37285105091554072
92 SIMPLE_RADIAL 3840 2160 7889.0434605992659 1920 1080 0.422505797256851
93 SIMPLE_RADIAL 3840 2160 7873.1813955594507 1920 1080 0.41607571189508857
94 SIMPLE_RADIAL 3840 2160 7935.8223131128207 1920 1080 0.38964351357293503
95 SIMPLE_RADIAL 3840 2160 7899.1063297496266 1920 1080 0.41818371046096392
96 SIMPLE_RADIAL 3840 2160 7819.9147675960712 1920 1080 0.35822712834835108
97 SIMPLE_RADIAL 3840 2160 7891.2233438991098 1920 1080 0.38406548648195171
98 SIMPLE_RADIAL 3840 2160 7905.6497588292432 1920 1080 0.39989064359607063
99 SIMPLE_RADIAL 3840 2160 7893.0816921111264 1920 1080 0.42937228616122475
100 SIMPLE_RADIAL 3840 2160 7911.1819519899982 1920 1080 0.40359279003158532
101 SIMPLE_RADIAL 3840 2160 7874.7861966595283 1920 1080 0.39524027365035869
102 SIMPLE_RADIAL 3840 2160 7872.8772650894252 1920 1080 0.42891027607953547
103 SIMPLE_RADIAL 3840 2160 7856.5933930896899 1920 1080 0.41608327691856339
104 SIMPLE_RADIAL 3840 2160 7888.7669450526382 1920 1080 0.41429395941418512
105 SIMPLE_RADIAL 3840 2160 8068.612743002268 1920 1080 0.43880515527501235
106 SIMPLE_RADIAL 3840 2160 7852.3926731199945 1920 1080 0.41790333162268439
107 SIMPLE_RADIAL 3840 2160 7886.9511617097996 1920 1080 0.40522520933817752
108 SIMPLE_RADIAL 3840 2160 7925.4736331428658 1920 1080 0.43119800516866552
109 SIMPLE_RADIAL 3840 2160 7884.1919405468007 1920 1080 0.3980118925963545
110 SIMPLE_RADIAL 3840 2160 7797.1900854419491 1920 1080 0.4033471246646318
111 SIMPLE_RADIAL 3840 2160 7959.1592048300363 1920 1080 0.4128890291547877
112 SIMPLE_RADIAL 3840 2160 7907.1374097477565 1920 1080 0.42666037731527456
113 SIMPLE_RADIAL 3840 2160 7830.3102203510198 1920 1080 0.40813060382956839
114 SIMPLE_RADIAL 3840 2160 7957.0839973575366 1920 1080 0.44438534643342453
