# Image list with two lines of data per image:
#   IMAGE_ID, QW, QX, QY, QZ, TX, TY, TZ, CAMERA_ID, NAME
#   POINTS2D[] as (X, Y, POINT3D_ID)
# Number of images: 30, mean observations per image: 524.23333333333335
1 0.92348850675115945 -0.037021814051600183 0.38028307627733204 -0.034396876019363233 -4.5678102616770229 0.39053671858994493 3.4059550391779703 1 001.jpg
0 0 -1
2 0.93613669419630885 -0.036711457789105034 0.34804413746917395 -0.034141426735626951 -4.3560660186268647 0.37198666951977477 3.1076151276008606 2 002.jpg
0 0 -1
3 0.94807162714018023 -0.036682098034293377 0.31437344911925069 -0.031367945174008212 -4.1320993468203602 0.33419362080781428 2.8022942160672137 3 003.jpg
0 0 -1
4 0.95780709913069428 -0.042964187174524486 0.28256104261899612 -0.030313308452604208 -3.8869448291520898 0.31768810260118652 2.5314315977477251 4 004.jpg
0 0 -1
5 0.96722162651158272 -0.03719596982152331 0.24983390959346563 -0.026111351067475735 -3.6182798087307337 0.27128295625185611 2.2808743662883737 5 005.jpg
0 0 -1
6 0.97562595498716165 -0.035574007712851602 0.21522174304374792 -0.023834581008400253 -3.3337174389311404 0.24876215529693313 2.0611588350335643 6 006.jpg
0 0 -1
7 0.98250824171590134 -0.034413973021387642 0.18148472021504322 -0.023590882765987805 -3.0329888097204241 0.23908322653463895 1.8358715661443012 7 007.jpg
0 0 -1
8 0.98832251393454185 -0.037977129199791196 0.14687035265048817 -0.014333374346991012 -2.718762513410609 0.17793806973008422 1.6460728209900508 8 008.jpg
0 0 -1
9 0.99257215899379192 -0.035361344752133268 0.11496739989206536 -0.018236815779661696 -2.3936454049360849 0.19422195471413098 1.4827552400176851 9 009.jpg
0 0 -1
10 0.99597120317409982 -0.035844813612461654 0.081074035848973589 -0.013546678418834527 -2.047134276338789 0.16642924239141854 1.3223693644802668 10 010.jpg
0 0 -1
11 0.99829746699713318 -0.035467902427449231 0.044890847342570039 -0.01135812965989192 -1.7001107256811465 0.15187620531601295 1.1868078387929168 11 011.jpg
0 0 -1
12 0.99931536280435496 -0.035676134210012804 0.0086148637508103483 -0.0046693932779985192 -1.3488060299768228 0.11502788371088542 1.060857198850413 12 012.jpg
0 0 -1
13 0.99898517977172541 -0.035754598994481322 -0.024958257062418381 -0.011282936302386148 -0.9755472862098129 0.13436507371752118 0.99544475324414805 13 013.jpg
0 0 -1
14 0.99755764186993157 -0.034558563833141848 -0.06060315437033037 -0.0034226441617606052 -0.61077634880774989 0.11903596956042443 0.95352949849760071 14 014.jpg
0 0 -1
15 0.99484022111197778 -0.03487440264144482 -0.095271538104562972 0.00021101057861139713 -0.2371451409561216 0.11500516164884349 0.94716712234596256 15 015.jpg
0 0 -1
16 0.99094360882313948 -0.03471517617458094 -0.12971360767390369 -2.568971160742716e-05 0.1332297448384184 0.111771780177727 0.9655238802586088 16 016.jpg
0 0 -1
17 0.98578273343016165 -0.033958310946573991 -0.16455735786459916 0.00033400783973619344 0.51154355967563359 0.10774002087038587 0.99543536384355191 17 017.jpg
0 0 -1
18 0.97944685343633409 -0.030970256169499152 -0.19897487347445242 0.011563055490899376 0.88297497125233149 0.12026445257306918 1.0507985600748553 18 018.jpg
0 0 -1
19 0.97215968616883264 -0.033867876707860123 -0.23169160748681786 0.0088040067919283246 1.2517832532536826 0.12098578855369364 1.1205858265270223 19 019.jpg
0 0 -1
20 0.96367775078109996 -0.034160261612618897 -0.26473123036799134 0.0086974044339304703 1.6090287199666713 0.11853187988666178 1.2190681341347873 20 020.jpg
0 0 -1
21 0.95368453337911807 -0.034306284919917863 -0.29848817987306148 0.014618347530214919 1.9588326586551452 0.14207862783813199 1.3504639631383015 21 021.jpg
0 0 -1
22 0.94266773711586649 -0.033010149448864767 -0.3317496111481445 0.01516782572653049 2.3024422566824052 0.1448849106156567 1.4968941879477355 22 022.jpg
0 0 -1
23 0.93003195768714764 -0.03497196683214094 -0.36539622560314544 0.017410270861727875 2.6366030101429421 0.16015774284785131 1.689898555978139 23 023.jpg
0 0 -1
24 0.91684687557814704 -0.031690589569569612 -0.39744502811120924 0.020614628422629937 2.9483728114381309 0.17435693854550624 1.8775465070816291 24 024.jpg
0 0 -1
25 0.90236952259815451 -0.032259235513612525 -0.42912923639686579 0.023166460228077557 3.2576158834481044 0.20146595010741503 2.1150071483578716 25 025.jpg
0 0 -1
26 0.8871452345972749 -0.030243647315237196 -0.45981099256169755 0.025149664964848818 3.5400276310966765 0.21961254305050582 2.3455294425839797 26 026.jpg
0 0 -1
27 0.87080778332650799 -0.030876923163117211 -0.48983037608267332 0.028401105271793042 3.8058238714231027 0.2535081146281436 2.6008524044679691 27 027.jpg
0 0 -1
28 0.85369653409597435 -0.030229561438858285 -0.51910456117021719 0.028615657602288753 4.0620610369312091 0.2678245468306466 2.8798153229570431 28 028.jpg
0 0 -1
29 0.83517223203355129 -0.028713365830347767 -0.54834265724003883 0.031356270724081411 4.2957323758328032 0.30919363189645582 3.1732010317854238 29 029.jpg
0 0 -1
30 0.81431490693098207 -0.029402526877809546 -0.57870468858792457 0.033579862559858377 4.486287905133576 0.33656455267848173 3.5123782934467176 30 030.jpg
0 0 -1
